,/intelcpu/0/load/2,/intelcpu/0/load/3,/intelcpu/0/load/4,/intelcpu/0/load/5,/intelcpu/0/load/6,/intelcpu/0/load/7,/intelcpu/0/load/8,/intelcpu/0/load/9,/intelcpu/0/load/10,/intelcpu/0/load/11,/intelcpu/0/load/12,/intelcpu/0/load/13,/intelcpu/0/load/14,/intelcpu/0/load/15,/intelcpu/0/load/16,/intelcpu/0/load/17,/intelcpu/0/load/18,/intelcpu/0/load/19,/intelcpu/0/load/20,/intelcpu/0/load/21,/intelcpu/0/load/0,/intelcpu/0/load/1,/intelcpu/0/temperature/0,/intelcpu/0/temperature/1,/intelcpu/0/temperature/2,/intelcpu/0/temperature/3,/intelcpu/0/temperature/4,/intelcpu/0/temperature/5,/intelcpu/0/temperature/6,/intelcpu/0/temperature/7,/intelcpu/0/temperature/8,/intelcpu/0/temperature/9,/intelcpu/0/temperature/10,/intelcpu/0/temperature/11,/intelcpu/0/temperature/12,/intelcpu/0/temperature/13,/intelcpu/0/temperature/14,/intelcpu/0/temperature/15,/intelcpu/0/temperature/16,/intelcpu/0/temperature/17,/intelcpu/0/temperature/18,/intelcpu/0/temperature/19,/intelcpu/0/temperature/20,/intelcpu/0/temperature/21,/intelcpu/0/temperature/22,/intelcpu/0/temperature/23,/intelcpu/0/temperature/24,/intelcpu/0/temperature/25,/intelcpu/0/temperature/26,/intelcpu/0/temperature/27,/intelcpu/0/temperature/28,/intelcpu/0/temperature/29,/intelcpu/0/temperature/30,/intelcpu/0/clock/1,/intelcpu/0/clock/2,/intelcpu/0/clock/3,/intelcpu/0/clock/4,/intelcpu/0/clock/5,/intelcpu/0/clock/6,/intelcpu/0/clock/7,/intelcpu/0/clock/8,/intelcpu/0/clock/9,/intelcpu/0/clock/10,/intelcpu/0/clock/11,/intelcpu/0/clock/12,/intelcpu/0/clock/13,/intelcpu/0/clock/14,/intelcpu/0/power/0,/intelcpu/0/power/1,/intelcpu/0/power/3,/intelcpu/0/power/4,/intelcpu/0/voltage/0,/intelcpu/0/voltage/1,/intelcpu/0/voltage/2,/intelcpu/0/voltage/3,/intelcpu/0/voltage/4,/intelcpu/0/voltage/5,/intelcpu/0/voltage/6,/intelcpu/0/voltage/7,/intelcpu/0/voltage/8,/intelcpu/0/voltage/9,/intelcpu/0/voltage/10,/intelcpu/0/voltage/11,/intelcpu/0/voltage/12,/intelcpu/0/voltage/13,/intelcpu/0/voltage/14,/intelcpu/0/clock/0,/ram/data/0,/ram/data/1,/ram/load/0,/ram/data/2,/ram/data/3,/ram/load/1,/gpu-nvidia/0/temperature/0,/gpu-nvidia/0/clock/0,/gpu-nvidia/0/clock/4,/gpu-nvidia/0/load/0,/gpu-nvidia/0/load/1,/gpu-nvidia/0/load/2,/gpu-nvidia/0/load/3,/gpu-nvidia/0/smalldata/3,/gpu-nvidia/0/smalldata/4,/gpu-nvidia/0/load/5,/gpu-nvidia/0/load/8,/gpu-nvidia/0/load/10,/gpu-nvidia/0/load/6,/gpu-nvidia/0/load/7,/gpu-nvidia/0/load/9,/gpu-nvidia/0/load/11,/gpu-nvidia/0/load/12,/gpu-nvidia/0/load/13,/gpu-nvidia/0/temperature/2,/gpu-nvidia/0/smalldata/2,/gpu-nvidia/0/smalldata/0,/gpu-nvidia/0/smalldata/1,/gpu-nvidia/0/load/3,/gpu-nvidia/0/power/0,/gpu-nvidia/0/throughput/0,/gpu-nvidia/0/throughput/1,/gpu-intel-integrated/%5C%5C%3F%5CPCI%23VEN_8086%26DEV_46A6%26SUBSYS_278D1043%26REV_0C%233%2611583659%260%2610%23%7B1ca05180-a699-450a-9a0c-de4fbe3ddd89%7D/power/0,/gpu-intel-integrated/%5C%5C%3F%5CPCI%23VEN_8086%26DEV_46A6%26SUBSYS_278D1043%26REV_0C%233%2611583659%260%2610%23%7B1ca05180-a699-450a-9a0c-de4fbe3ddd89%7D/smalldata/2,/gpu-intel-integrated/%5C%5C%3F%5CPCI%23VEN_8086%26DEV_46A6%26SUBSYS_278D1043%26REV_0C%233%2611583659%260%2610%23%7B1ca05180-a699-450a-9a0c-de4fbe3ddd89%7D/smalldata/1,/gpu-intel-integrated/%5C%5C%3F%5CPCI%23VEN_8086%26DEV_46A6%26SUBSYS_278D1043%26REV_0C%233%2611583659%260%2610%23%7B1ca05180-a699-450a-9a0c-de4fbe3ddd89%7D/smalldata/0,/gpu-intel-integrated/%5C%5C%3F%5CPCI%23VEN_8086%26DEV_46A6%26SUBSYS_278D1043%26REV_0C%233%2611583659%260%2610%23%7B1ca05180-a699-450a-9a0c-de4fbe3ddd89%7D/load/0,/gpu-intel-integrated/%5C%5C%3F%5CPCI%23VEN_8086%26DEV_46A6%26SUBSYS_278D1043%26REV_0C%233%2611583659%260%2610%23%7B1ca05180-a699-450a-9a0c-de4fbe3ddd89%7D/load/9,/gpu-intel-integrated/%5C%5C%3F%5CPCI%23VEN_8086%26DEV_46A6%26SUBSYS_278D1043%26REV_0C%233%2611583659%260%2610%23%7B1ca05180-a699-450a-9a0c-de4fbe3ddd89%7D/load/1,/gpu-intel-integrated/%5C%5C%3F%5CPCI%23VEN_8086%26DEV_46A6%26SUBSYS_278D1043%26REV_0C%233%2611583659%260%2610%23%7B1ca05180-a699-450a-9a0c-de4fbe3ddd89%7D/load/11,/gpu-intel-integrated/%5C%5C%3F%5CPCI%23VEN_8086%26DEV_46A6%26SUBSYS_278D1043%26REV_0C%233%2611583659%260%2610%23%7B1ca05180-a699-450a-9a0c-de4fbe3ddd89%7D/load/10,/gpu-intel-integrated/%5C%5C%3F%5CPCI%23VEN_8086%26DEV_46A6%26SUBSYS_278D1043%26REV_0C%233%2611583659%260%2610%23%7B1ca05180-a699-450a-9a0c-de4fbe3ddd89%7D/load/3,/gpu-intel-integrated/%5C%5C%3F%5CPCI%23VEN_8086%26DEV_46A6%26SUBSYS_278D1043%26REV_0C%233%2611583659%260%2610%23%7B1ca05180-a699-450a-9a0c-de4fbe3ddd89%7D/load/4,/gpu-intel-integrated/%5C%5C%3F%5CPCI%23VEN_8086%26DEV_46A6%26SUBSYS_278D1043%26REV_0C%233%2611583659%260%2610%23%7B1ca05180-a699-450a-9a0c-de4fbe3ddd89%7D/load/5,/gpu-intel-integrated/%5C%5C%3F%5CPCI%23VEN_8086%26DEV_46A6%26SUBSYS_278D1043%26REV_0C%233%2611583659%260%2610%23%7B1ca05180-a699-450a-9a0c-de4fbe3ddd89%7D/load/6,/gpu-intel-integrated/%5C%5C%3F%5CPCI%23VEN_8086%26DEV_46A6%26SUBSYS_278D1043%26REV_0C%233%2611583659%260%2610%23%7B1ca05180-a699-450a-9a0c-de4fbe3ddd89%7D/load/7,/gpu-intel-integrated/%5C%5C%3F%5CPCI%23VEN_8086%26DEV_46A6%26SUBSYS_278D1043%26REV_0C%233%2611583659%260%2610%23%7B1ca05180-a699-450a-9a0c-de4fbe3ddd89%7D/load/2,/gpu-intel-integrated/%5C%5C%3F%5CPCI%23VEN_8086%26DEV_46A6%26SUBSYS_278D1043%26REV_0C%233%2611583659%260%2610%23%7B1ca05180-a699-450a-9a0c-de4fbe3ddd89%7D/load/12,/gpu-intel-integrated/%5C%5C%3F%5CPCI%23VEN_8086%26DEV_46A6%26SUBSYS_278D1043%26REV_0C%233%2611583659%260%2610%23%7B1ca05180-a699-450a-9a0c-de4fbe3ddd89%7D/load/8,/hdd/1/load/0,/hdd/1/load/31,/hdd/1/load/32,/hdd/1/load/33,/hdd/1/throughput/34,/hdd/1/throughput/35,/hdd/0/load/0,/hdd/0/load/31,/hdd/0/load/32,/hdd/0/load/33,/hdd/0/throughput/34,/hdd/0/throughput/35,/nic/%7B6B9C28EA-F1B2-4518-875F-2744DB97822F%7D/data/2,/nic/%7B6B9C28EA-F1B2-4518-875F-2744DB97822F%7D/data/3,/nic/%7B6B9C28EA-F1B2-4518-875F-2744DB97822F%7D/throughput/7,/nic/%7B6B9C28EA-F1B2-4518-875F-2744DB97822F%7D/throughput/8,/nic/%7B6B9C28EA-F1B2-4518-875F-2744DB97822F%7D/load/1,/nic/%7BF90C6E0E-D34F-4188-A599-3ED020FABA30%7D/data/2,/nic/%7BF90C6E0E-D34F-4188-A599-3ED020FABA30%7D/data/3,/nic/%7BF90C6E0E-D34F-4188-A599-3ED020FABA30%7D/throughput/7,/nic/%7BF90C6E0E-D34F-4188-A599-3ED020FABA30%7D/throughput/8,/nic/%7BF90C6E0E-D34F-4188-A599-3ED020FABA30%7D/load/1,/nic/%7BC9A9F541-7D11-4C0E-A058-314FC0EE2D5D%7D/data/2,/nic/%7BC9A9F541-7D11-4C0E-A058-314FC0EE2D5D%7D/data/3,/nic/%7BC9A9F541-7D11-4C0E-A058-314FC0EE2D5D%7D/throughput/7,/nic/%7BC9A9F541-7D11-4C0E-A058-314FC0EE2D5D%7D/throughput/8,/nic/%7BC9A9F541-7D11-4C0E-A058-314FC0EE2D5D%7D/load/1,/battery/GA50358%00_1/energy/0,/battery/GA50358%00_1/energy/1,/battery/GA50358%00_1/level/1,/battery/GA50358%00_1/energy/2,/battery/GA50358%00_1/level/0,/battery/GA50358%00_1/voltage/0,/battery/GA50358%00_1/current/0,/battery/GA50358%00_1/power/0
Time,"CPU Core #1 Thread #1","CPU Core #1 Thread #2","CPU Core #2 Thread #1","CPU Core #2 Thread #2","CPU Core #3 Thread #1","CPU Core #3 Thread #2","CPU Core #4 Thread #1","CPU Core #4 Thread #2","CPU Core #5 Thread #1","CPU Core #5 Thread #2","CPU Core #6 Thread #1","CPU Core #6 Thread #2","CPU Core #7","CPU Core #8","CPU Core #9","CPU Core #10","CPU Core #11","CPU Core #12","CPU Core #13","CPU Core #14","CPU Total","CPU Core Max","Core Max","Core Average","CPU Core #1","CPU Core #2","CPU Core #3","CPU Core #4","CPU Core #5","CPU Core #6","CPU Core #7","CPU Core #8","CPU Core #9","CPU Core #10","CPU Core #11","CPU Core #12","CPU Core #13","CPU Core #14","CPU Package","CPU Core #1 Distance to TjMax","CPU Core #2 Distance to TjMax","CPU Core #3 Distance to TjMax","CPU Core #4 Distance to TjMax","CPU Core #5 Distance to TjMax","CPU Core #6 Distance to TjMax","CPU Core #7 Distance to TjMax","CPU Core #8 Distance to TjMax","CPU Core #9 Distance to TjMax","CPU Core #10 Distance to TjMax","CPU Core #11 Distance to TjMax","CPU Core #12 Distance to TjMax","CPU Core #13 Distance to TjMax","CPU Core #14 Distance to TjMax","CPU Core #1","CPU Core #2","CPU Core #3","CPU Core #4","CPU Core #5","CPU Core #6","CPU Core #7","CPU Core #8","CPU Core #9","CPU Core #10","CPU Core #11","CPU Core #12","CPU Core #13","CPU Core #14","CPU Package","CPU Cores","CPU Memory","CPU Platform","CPU Core","CPU Core #1","CPU Core #2","CPU Core #3","CPU Core #4","CPU Core #5","CPU Core #6","CPU Core #7","CPU Core #8","CPU Core #9","CPU Core #10","CPU Core #11","CPU Core #12","CPU Core #13","CPU Core #14","Bus Speed","Memory Used","Memory Available","Memory","Virtual Memory Used","Virtual Memory Available","Virtual Memory","GPU Core","GPU Core","GPU Memory","GPU Core","GPU Memory Controller","GPU Video Engine","GPU Bus","D3D Dedicated Memory Used","D3D Shared Memory Used","D3D 3D","D3D Overlay","D3D Video Decode","D3D Copy","D3D Copy","D3D Security","D3D Video Encode","D3D Video Processing","D3D VR","GPU Hot Spot","GPU Memory Total","GPU Memory Free","GPU Memory Used","GPU Memory","GPU Package","GPU PCIe Rx","GPU PCIe Tx","GPU Power","D3D Shared Memory Total","D3D Shared Memory Free","D3D Shared Memory Used","D3D 3D","D3D Video Decode","D3D Copy","D3D Video Processing","D3D Video Decode","D3D Other","D3D Other","D3D Other","D3D Other","D3D Other","D3D GDI Render","D3D Video Processing","D3D Other","Used Space","Read Activity","Write Activity","Total Activity","Read Rate","Write Rate","Used Space","Read Activity","Write Activity","Total Activity","Read Rate","Write Rate","Data Uploaded","Data Downloaded","Upload Speed","Download Speed","Network Utilization","Data Uploaded","Data Downloaded","Upload Speed","Download Speed","Network Utilization","Data Uploaded","Data Downloaded","Upload Speed","Download Speed","Network Utilization","Designed Capacity","Fully-Charged Capacity","Degradation Level","Remaining Capacity","Charge Level","Voltage","Charge/Discharge Current","Charge/Discharge Rate"
03/13/2025 10:20:44,0,1.17976665,0,1.17959976,0,25.90596,39.6345024,0,0,0,1.1992991,1.181215,0,0,0,0,0,0.118142366,0,0,0,39.6345024,60,54.2857132,53,54,54,60,56,53,53,53,53,53,55,55,54,54,65,47,46,46,40,44,47,47,47,47,47,45,45,46,46,3683.55371,1692.4436,1493.33264,2289.77661,2289.77661,1294.22156,995.5551,895.9996,796.4441,995.5551,1095.1106,1095.1106,995.5551,895.9996,9.78887749,4.67754745,0,0.213550508,0.6644287,0.6575928,0.6575928,0.653564453,0.658569336,0.6635742,0.662963867,0.662963867,0.662963867,0.6665039,0.6665039,0.6690674,0.6690674,0.6690674,0.674072266,99.55551,10.7448387,20.9222221,33.93065,10.0411987,45.6258621,18.0379486,55,1110,7000.978,0,0,0,0,0.07421875,0.25,0,0,0,0,0,0,0,0,0,62.53125,6141,5921,220,3.58247828,590.006,1.810432E+08,5324800,0.0102851624,16213.5352,15786.7422,426.792969,0.167859808,0,0,0,0,0,0,0,0,0,0,0,0,90.74165,0,0.09159449,0.234581277,0,63605.9766,85.62388,0,0.286548227,0.320545763,0,43324.5977,0,0,0,0,0,0,0,0,0,0,0.00601947866,0.123048343,0,0,0,90005,79522,11.6471329,79523,100.001259,16.887,0,0
03/13/2025 10:20:45,0,0,1.36242509,0,27.6580448,49.763958,9.722101,24.22825,1.33179426,0,1.354599,0,1.32430792,1.31846666,1.31791234,1.31778121,1.31422877,3.29921842,1.31349564,1.38540864,4.82128239,49.763958,58,54.57143,55,56,58,53,56,54,54,54,54,54,54,54,54,54,61,45,44,42,47,44,46,46,46,46,46,46,46,46,46,1194.66748,4181.33643,4480.003,4380.44727,1692.44556,1891.55688,796.445,3285.33569,3484.44678,3484.44678,3484.44678,3484.44678,3484.44678,3484.44678,13.2866106,7.87520933,0,0.205307364,1.197876,1.2578125,1.2578125,0.6682129,1.21826172,1.24316406,1.21325684,1.10327148,1.12817383,1.12817383,1.18322754,1.1932373,1.19189453,1.19189453,0.6668701,99.5556259,10.7423477,20.9247131,33.9227829,10.0417175,45.6253433,18.038887,55,1125,7000.978,0,0,0,0,0.0234375,0.25,0,0,0,0,0,0,0,0,0,62.625,6141,5921,220,3.58247828,590.006,1.780736E+08,6246400,0.0487982854,16213.5352,15786.7422,426.792969,0.209149748,0,0,0,0,0,0,0,0,0,0,0,0,90.74165,0,0.1947998,0.303175777,0,3056210.5,85.62388,0.1878851,0.162269324,0.363099843,4024.424,27164.8613,0,0,0,0,0,0,0,0,0,0,0.00601965,0.123048343,180.794937,0,0.000166881218,90005,79522,11.6471329,79523,100.001259,16.888,0,0
03/13/2025 10:20:45,0,0,0,0,0,28.6475716,50.5775,19.8484783,0,27.4419842,0,1.5517652,0.9414494,0,0,0,0,3.820008,0,0,6.46297359,50.5775,72,55.57143,53,56,57,72,55,57,53,53,53,53,54,54,54,54,70,47,44,43,28,45,43,47,47,47,47,46,46,46,46,4380.44336,4380.44336,4380.44336,1891.55518,796.4443,995.555359,2986.666,2986.666,2986.666,2887.1106,2986.666,1891.55518,2986.666,2986.666,12.8581524,7.344702,0,0.207074687,1.22424316,1.34423828,1.34423828,1.354248,1.35656738,1.38659668,1.34411621,1.21411133,1.21411133,1.21411133,1.21411133,1.21411133,1.21411133,1.21411133,1.21411133,99.5555344,10.7538872,20.9131737,33.95922,10.0416183,45.6254425,18.0387039,55,1125,7000.978,0,0,0,0,0.0703125,0.25,0,0,0,0,0,0,0,0,0,62.6875,6141,5921,220,3.58247828,590.006,1.859072E+08,6092800,6.70625159E-05,16213.5352,15786.7422,426.792969,0.146650463,0,0,0,0,0,0,0,0,0,0,0,0,90.74165,0,0,0,0,0,85.62388,0,0,0,0,0,0,0,0,0,0,0,0,0,0,0,0.00601965,0.123048343,0,0,0,90005,79522,11.6471329,79523,100.001259,16.888,0,0
03/13/2025 10:20:47,1.22227073,0,0,0,1.2003839,18.08558,55.4375877,0,0,2.20739841,0,0,0,0,0,0,0,0.138682127,0,0,3.2962203,55.4375877,77,57.8571434,54,64,70,77,62,57,53,53,52,52,54,54,54,54,72,46,36,30,23,38,43,47,47,48,48,46,46,46,46,4380.44629,4280.89063,4480.002,4380.44629,1792.00073,1792.00073,1493.334,796.444763,796.444763,796.444763,796.444763,796.444763,896.000366,1294.22278,12.1932907,6.88790274,0,0.2047161,0.7032471,0.7032471,0.7032471,0.6772461,0.682251,0.6772461,0.682251,0.694335938,0.694335938,0.694335938,0.694335938,0.694335938,0.7093506,0.7093506,0.710327148,99.5555954,10.74403,20.92303,33.9281,10.0408859,45.6261749,18.0373917,55,1125,7000.978,0,0,0,0,0.0703125,0.25,0,0,0,0,0,0,0,0,0,62.5,6141,5921,220,3.58247828,590.006,1.8432E+08,4761600,0.0552289262,16213.5352,15786.7422,426.792969,0.184374273,0,0,0,0,0,0,0,0,0,0,0,0,90.74165,0,0.661670744,0.511699855,0,15522892,85.62388,0,0.1763584,0.180800483,0,12167.8545,0,0,0,0,0,0,0,0,0,0,0.00601965,0.123048343,0,0,0,90005,79522,11.6471329,79523,100.001259,16.887,0,0
03/13/2025 10:20:48,0,0,0,0,0,47.7724152,22.2675972,0,0.534564257,2.268672,1.083219,0,1.17749572,0.54423213,0.544273853,0.543040037,0.5496919,5.616069,0.7436693,0.6075084,3.99720073,47.7724152,70,57.42857,56,64,69,70,61,55,53,53,53,54,54,54,54,54,69,44,36,31,30,39,45,47,47,47,46,46,46,46,46,4081.77832,4380.445,4280.88965,4380.445,2688.00024,995.555664,1792.00024,1792.00024,1891.55579,1095.11121,1393.778,1294.22241,1294.22241,1194.66687,11.9762917,6.555587,0,0.206701055,0.6812744,0.676269531,0.6784668,0.6734619,0.673584,0.683105469,0.68359375,0.708618164,0.713623047,0.7125244,0.7125244,0.707519531,0.7125244,0.7125244,0.7125244,99.5555649,10.7435951,20.9234657,33.92672,10.0443344,45.6227264,18.0435867,55,1110,7000.978,0,0,0,0,0.07421875,0.25,0,0,0,0,0,0,0,0,0,62.5,6141,5921,220,3.58247828,590.006,1.890816E+08,4505600,0.0016451776,16213.5352,15786.7422,426.792969,0.128554136,0,0,0,0,0,0,0,0,0,0,0,0,90.74165,0,0.0389493778,0.407081664,0,42383.73,85.62388,0,0.332764,0.342958629,0,37448.6953,0,0,0,0,0,0,0,0,0,0,0.00601965,0.123048343,0,0,0,90005,79522,11.6471329,79523,100.001259,16.891,0,0
03/13/2025 10:20:49,0,0.9278059,1.01453662,0.9284735,1.01476312,23.0763664,45.4458427,3.88562083,1.0068953,1.27714872,1.10797882,1.05110407,1.08875632,0.962638855,0.9594023,0,0.971519947,3.68285775,0.978136063,1.03902817,4.47587967,45.4458427,69,55.2857132,51,56,57,69,55,54,53,53,53,53,55,55,55,55,72,49,44,43,31,45,46,47,47,47,47,45,45,45,45,1991.1095,1493.332,696.8883,796.4438,3484.44165,4181.33,3484.44165,3484.44165,3484.44165,3484.44165,3484.44165,2986.664,995.554749,796.4438,11.9376831,6.39660931,0,0.206500381,0.652709961,0.6575928,0.662597656,0.6575928,0.6586914,0.6586914,0.6636963,0.6687012,0.6685791,0.6685791,0.6685791,0.6635742,0.673584,0.673584,0.673706055,99.55547,10.74152,20.92554,33.920166,10.0437088,45.6233521,18.0424652,55,1125,7000.978,0,0,0,0,0.1328125,0.25,0,0,0,0,0,0,0,0,0,62.5,6141,5921,220,3.58247828,590.006,1.573376E+08,6809600,0.012475702,16213.5352,15786.7422,426.792969,0.147759,0,0,0,0,0,0,0,0,0,0,0,0,90.74165,0,0.008952411,0,0,14591.8135,85.62388,0,0.165182292,0.161300629,0,7045.00537,0,0,0,0,0,0,0,0,0,0,0.00601965,0.123048343,0,0,0,90005,79522,11.6471329,79523,100.001259,16.891,0,0
03/13/2025 10:20:50,0,1.331681,1.38312578,1.33144855,1.38676167,40.15801,27.35476,1.29831433,1.32302046,2.44473219,1.31968856,1.28851533,2.702427,1.29959583,1.297015,2.797693,1.30976439,1.88987255,1.31180286,1.44142509,4.728472,40.15801,57,54.07143,54,54,57,54,55,51,53,53,53,53,55,55,55,55,58,46,46,43,46,45,49,47,47,47,47,45,45,45,45,3982.22241,3783.11133,4380.445,4181.3335,1991.11121,4480.00049,3484.44458,3484.44458,3484.44458,3484.44458,3484.44458,3484.44458,1393.77783,796.4445,12.1028109,6.74505758,0,0.205379844,0.6524658,0.6524658,0.6524658,0.6536865,0.6536865,0.6586914,0.6636963,0.6582031,0.663208,0.663208,0.6682129,0.6640625,0.6690674,0.6690674,0.6690674,99.5555649,10.7400551,20.9270058,33.915535,10.04248,45.62458,18.04026,55,1140,7000.978,0,0,0,0,0.0703125,0.25,0,0,0,0,0,0,0,0,0,62.5,6141,5921,220,3.58247828,590.006,1.5872E+08,6604800,0.050227087,16213.5352,15786.7422,426.792969,0.196729466,0,0,0,0,0,0,0,0,0,0,0,0,90.74165,0,0,0,0,0,85.62388,0,0,0.007025685,0,0,0,0,0,0,0,0,0,0,0,0,0.00601965,0.123048343,0,0,0,90005,79522,11.6471329,79523,100.001259,16.891,0,0
03/13/2025 10:20:51,0.015771389,0,0,0,0,47.39886,25.56644,0,0,5.43377972,0.09164214,0,0,0,0,0,0,5.34427166,1.0153234,0,2.607286,47.39886,57,53.92857,54,53,57,54,56,53,53,53,53,53,54,54,54,54,57,46,47,43,46,44,47,47,47,47,47,46,46,46,46,3584.001,1095.11145,796.4447,896.000244,696.8891,4081.779,3484.44556,3484.44556,3484.44556,3484.44556,3484.44556,1592.8894,1991.11169,796.4447,12.7936668,7.1580534,0,0.206297457,0.662231445,0.6682129,0.6732178,0.6682129,0.6732178,0.6732178,0.672485352,0.672485352,0.672485352,0.677490234,0.677124,0.677124,0.6876221,0.6876221,0.6876221,99.55559,10.7427444,20.9243164,33.9240341,10.0448761,45.6221848,18.0445633,55,1110,7000.978,0,0,0,0,0.1171875,0.25,0,0,0,0,0,0,0,0,0,62.53125,6141,5921,220,3.58247828,590.006,1.609728E+08,6912000,0.0011565676,16213.5352,15786.7422,426.792969,0.131228223,0,0,0,0,0,0,0,0,0,0,0,0,90.74165,0,0.0352554955,0.5046772,0,43403.51,85.62388,0,0.190389648,0.189990714,0,13276.3633,0,0,0,0,0,0,0,0,0,0,0.00601970125,0.1230484,54.8606339,65.832756,0.000111404996,90005,79522,11.6471329,79523,100.001259,16.887,0,0
03/13/2025 10:20:52,1.17967725,2.60283947,1.15839839,2.603829,2.6499033,40.6266,24.5490131,5.470747,10.7675018,6.522769,1.15836859,2.61476636,5.19477129,2.63536572,2.63389349,2.64062881,2.65395641,5.47083,2.675432,2.89906263,6.43541241,40.6266,73,56.92857,54,56,58,66,73,54,55,55,55,55,54,54,54,54,75,46,44,42,34,27,46,45,45,45,45,46,46,46,46,1294.22241,796.4446,696.889,696.889,1891.55579,4181.334,3285.33374,3484.44482,3484.44482,3484.44482,3484.44482,896.0001,796.4446,796.4446,12.0165253,6.43771267,0,0.206305876,0.6549072,0.658569336,0.6578369,0.658081055,0.6623535,0.6680908,0.6727295,0.6727295,0.682739258,0.682739258,0.682739258,0.6727295,0.679077148,0.679077148,0.6940918,99.55557,10.7406883,20.9263725,33.91754,10.0447693,45.62229,18.0443726,55,1125,7000.978,0,0,0,0,0.0546875,0.25,0,0,0,0,0,0,0,0,0,62.59375,6141,5921,220,3.58247828,590.006,1.86368E+08,5222400,0.00041236676,16213.5352,15786.7422,426.792969,0.11931479,0,0,0,0,0,0,0,0,0,0,0,0,90.74165,0,0.0142459655,0.0268704388,0,27672.2754,85.62388,0,0.157043427,0.152680844,0,9881.096,0,0,0,0,0,0,0,0,0,0,0.006020845,0.12305411,1184.58557,5910.387,0.00654895371,90005,79522,11.6471329,79523,100.001259,16.892,0,0
03/13/2025 10:20:53,0,0,0,0,0,47.4180832,19.875658,0,0,0,0,0,0,0,0,0,0,1.22355819,0,0,1.00938082,47.4180832,57,53.7857132,54,54,57,55,56,53,52,52,52,52,54,54,54,54,57,46,46,43,45,44,47,48,48,48,48,46,46,46,46,1791.99915,2986.665,995.555054,696.88855,696.88855,4479.99756,3484.44263,3484.44263,3484.44263,3484.44263,3484.44263,2090.66553,796.444031,1294.22156,12.353219,6.798736,0,0.206342682,0.6966553,0.6866455,0.6866455,0.6816406,0.6878662,0.6878662,0.6878662,0.7279053,0.7319336,0.7369385,0.7319336,0.7270508,0.7270508,0.7270508,0.7270508,99.5555038,10.7396622,20.9273987,33.9143066,10.0455132,45.6215477,18.0457077,55,1125,7000.978,0,0,0,0,0.0703125,0.25,0,0,0,0,0,0,0,0,0,62.46875,6141,5921,220,3.58247828,590.006,1.887744E+08,5017600,0.002038292,16213.5352,15786.7422,426.792969,0.123684324,0,0,0,0,0,0,0,0,0,0,0,0,90.74165,0,0.0173858348,0.03302094,0,103113.578,85.62388,0,0.17278564,0.189260691,0,8291.423,0,0,0,0,0,0,0,0,0,0,0.006020924,0.123054162,86.0375,54.65912,0.0001298688,90005,79522,11.6471329,79523,100.001259,16.892,0,0
03/13/2025 10:20:54,0.204241276,3.16080451,0.179892778,3.163004,3.20802927,40.9748,45.4469032,3.16274166,3.208524,6.45663738,1.90441608,3.165865,4.087096,3.19205523,3.184843,1.6982913,3.19380164,4.42423248,1.74852014,2.524674,6.91446066,45.4469032,61,54.5,54,54,59,53,61,53,53,53,53,53,55,54,54,54,65,46,46,41,47,39,47,47,47,47,47,45,46,46,46,4480.006,1493.33533,896.00116,896.00116,896.00116,3185.782,1991.11365,3484.449,3484.449,3484.449,3484.449,1194.66821,1095.11255,995.5568,11.8211174,6.323356,0,0.204878181,0.6779785,0.6779785,0.668334961,0.668334961,0.668334961,0.668334961,0.673339844,0.678588867,0.68359375,0.68359375,0.68359375,0.6936035,0.678588867,0.6986084,0.6936035,99.55569,10.7468224,20.9202385,33.9369125,10.0437813,45.62328,18.0425873,55,1080,7000.978,0,0,0,0,0.0703125,0.25,0,0,0,0,0,0,0,0,0,62.625,6141,5921,220,3.58247828,590.006,1.858048E+08,5017600,0.00140387763,16213.5352,15786.7422,426.792969,0.08842435,0,0,0,0,0,0,0,0,0,0,0,0,90.74165,0,0.0254612528,0.167318225,0,45063.1,85.62388,0,0.1665182,0.186439171,0,12803.1846,0,0,0,0,0,0,0,0,0,0,0.006020924,0.123054162,0,0,0,90005,79522,11.6471329,79523,100.001259,16.892,0,0
03/13/2025 10:20:55,0.7421255,0,0,0,0,52.51554,13.5486307,0,0,1.989615,0,0,0,0,0,0,0,0.615263,0,0,1.64343119,52.51554,57,54.2857132,54,54,57,54,56,53,54,54,54,54,54,54,54,54,58,46,46,43,46,44,47,46,46,46,46,46,46,46,46,3583.998,1095.11047,696.8885,696.8885,696.8885,4380.442,3484.44238,3484.44238,3484.44238,3484.44238,3484.44238,3484.44238,1991.11,796.444,12.33212,6.80396175,0,0.206098273,0.6533203,0.668334961,0.668334961,0.668334961,0.673339844,0.6734619,0.6734619,0.663452148,0.668457031,0.668457031,0.6693115,0.6693115,0.6693115,0.6693115,0.6693115,99.5555,10.7434883,20.9235725,33.926384,10.0423012,45.62476,18.0399323,55,1110,7000.978,0,0,0,0,0.0703125,0.25,0,0,0,0,0,0,0,0,0,62.5,6141,5921,220,3.58247828,590.006,1.893888E+08,4608000,6.0401333E-05,16213.5352,15786.7422,426.792969,0.119802848,0,0,0,0,0,0,0,0,0,0,0,0,90.74165,0,0.151173666,0.146057352,0,3032337.25,85.62388,0,0.186700851,0.1811986,0,5573.205,0,0,0,0,0,0,0,0,0,0,0.006020924,0.123054162,0,0,0,90005,79522,11.6471329,79523,100.001259,16.892,0,0
03/13/2025 10:20:56,0,2.16903687,2.21216679,2.16920376,2.22865343,43.7232628,26.2733822,1.81644559,1.85515881,0.675302744,1.85089707,1.817137,1.87630653,1.844424,1.84381008,1.845926,1.849699,3.48635912,1.84239745,1.91721916,5.12400866,43.7232628,74,56.7142868,54,60,67,74,60,51,53,53,53,53,54,54,54,54,64,46,40,33,26,40,49,47,47,47,47,46,46,46,46,1792.00159,796.4451,796.4451,796.4451,3982.22583,4380.448,3484.44751,3484.44751,3484.44751,3185.78052,3484.44751,2389.33545,1792.00159,1792.00159,12.4332266,6.81064653,0,0.206363544,0.796875,0.901855469,0.8847656,0.879760742,0.934814453,0.943847656,0.8988037,0.9038086,0.8988037,0.8520508,0.8520508,0.866943359,0.756958,0.7619629,0.8198242,99.55564,10.7533836,20.9136772,33.957634,10.04274,45.62432,18.0407181,55,1140,7000.978,0,0,0,0,0.0859375,0.25,0,0,0,0,0,0,0,0,0,62.65625,6141,5921,220,3.58247828,590.006,1.625088E+08,6758400,0.00119970227,16213.5352,15786.7422,426.792969,0.12855956,0,0,0,0,0,0,0,0,0,0,0,0,90.74165,0,0.7210283,0.6795936,0,16698695,85.62388,0,0.15772894,0.144402221,0,10563.6709,0,0,0,0,0,0,0,0,0,0,0.006020924,0.123054162,0,0,0,90005,79522,11.6471329,79523,100.001259,16.888,0,0
03/13/2025 10:20:57,0.658398867,0,0,0,0,48.7991676,29.5157318,0,0,2.45602131,0,0,0,0,0,0,0,2.75542736,0,0,0,48.7991676,58,53.8571434,54,56,58,51,56,51,53,53,53,53,54,54,54,54,60,46,44,42,49,44,49,47,47,47,47,46,46,46,46,2389.33325,995.555542,696.8889,696.8889,696.8889,4280.889,3484.44458,3484.44458,3484.44458,3484.44458,3484.44458,995.555542,1991.11108,1891.55554,12.7796335,7.103784,0,0.204381585,1.24157715,1.33666992,1.33666992,1.31164551,1.33666992,1.33666992,1.33666992,1.241333,1.24633789,1.24633789,1.24633789,1.24633789,1.241333,1.241333,1.24633789,99.55556,10.7296333,20.9374275,33.882637,10.0257988,45.6412621,18.0102921,55,1095,7000.978,0,0,0,0,0.0703125,0.25,0,0,0,0,0,0,0,0,0,62.5625,6141,5921,220,3.58247828,590.006,1.621504E+08,7014400,0.00185048312,16213.5352,15786.7422,426.792969,0.171413481,0,0,0,0,0,0,0,0,0,0,0,0,90.74165,0,0.07288942,0.158805251,0,132788.969,85.62388,0,0,0.020971911,0,0,0,0,0,0,0,0,0,0,0,0,0.006020924,0.123054162,0,0,0,90005,79522,11.6471329,79523,100.001259,16.888,0,0
03/13/2025 10:20:58,0,2.341807,2.36995816,2.34188437,21.1988754,59.5073471,9.657562,20.5242214,1.56549811,7.41179,1.570791,1.545316,1.89108253,1.55633688,1.55351758,1.55502558,1.556319,2.29404569,1.68600678,0.159949064,7.08318949,59.5073471,74,57.7857132,56,64,71,74,62,58,52,52,52,52,54,54,54,54,73,44,36,29,26,38,42,48,48,48,48,46,46,46,46,4480,4081.77783,1393.77783,4081.77783,1692.44446,796.444458,696.8889,1493.33337,796.444458,1393.77783,1294.22229,1493.33337,1393.77783,1294.22229,11.6007423,6.29654455,0,0.207378626,0.6951904,0.685180664,0.6801758,0.677856445,0.677856445,0.677856445,0.6878662,0.707885742,0.7128906,0.7128906,0.709472656,0.709472656,0.7294922,0.7294922,0.7294922,99.55556,10.730011,20.93705,33.88382,10.0281525,45.63891,18.0145187,55,1110,7000.978,0,0,0,0,0.05078125,0.25,0,0,0,0,0,0,0,0,0,62.59375,6141,5921,220,3.58247828,590.006,1.831424E+08,5529600,0.0551523529,16213.5352,15786.7422,426.792969,0.1854262,0,0,0,0,0,0,0,0,0,0,0,0,90.7417145,0,0.016043216,0.0296590887,0,85428.58,85.62389,0,0.334044039,0.325690567,0,43195.0547,0,0,0,0,0,0,0,0,0,0,0.006021532,0.123055838,618.982361,1705.2821,0.00214539235,90005,79522,11.6471329,79523,100.001259,16.891,0,0
03/13/2025 10:20:59,1.54859424,0,0,0,0,55.7932625,9.857011,0.43386817,0.447529554,2.62318254,0,0,0,0.448220968,0.4575193,0,0.453919172,0,0.44131875,0,2.67289877,55.7932625,57,54,54,54,57,54,56,53,53,53,53,53,54,54,54,54,57,46,46,43,46,44,47,47,47,47,47,46,46,46,46,3882.663,2687.99756,995.5546,696.888245,3882.663,4280.885,3484.44116,3484.44116,3484.44116,3484.44116,3484.44116,796.4437,1991.10925,1891.55383,11.8580551,6.327559,0,0.205809414,0.793823242,0.793823242,0.7973633,0.782348633,0.782348633,0.782348633,1.21740723,1.2623291,1.1973877,1.21740723,1.27734375,1.21740723,1.20739746,0.7923584,1.1973877,99.5554657,10.728817,20.9382439,33.88005,10.0276489,45.6394119,18.01361,55,1125,7000.978,0,0,0,0,0.0625,0.25,0,0,0,0,0,0,0,0,0,62.53125,6141,5921,220,3.58247828,590.006,1.581056E+08,6348800,0.00179080863,16213.5352,15786.7422,426.792969,0.127651885,0,0,0,0,0,0,0,0,0,0,0,0,90.7417145,0,0.0291888472,0.0620300956,0,21238.459,85.62389,0,0.175942481,0.196268439,0,6217.43164,0,0,0,0,0,0,0,0,0,0,0.00602170359,0.123055838,186.197235,0,0.000171867767,90005,79522,11.6471329,79523,100.001259,16.891,0,0
03/13/2025 10:21:00,0,0,0,0,0,25.46559,48.47827,0,0,0,0,0,1.30203962,0,0,0,0,21.2734,0,0,4.02829075,48.47827,63,55,54,54,57,63,56,54,54,54,54,54,54,54,54,54,60,46,46,43,37,44,46,46,46,46,46,46,46,46,46,1493.33411,796.4448,796.4448,4380.447,4480.00244,4380.447,3484.446,1194.66724,1294.2229,1294.2229,1294.2229,1095.11169,1194.66724,1095.11169,12.3655872,6.84595537,0,0.209019348,0.6677246,0.6727295,0.672485352,0.662597656,0.662597656,0.673706055,0.678710938,0.6777344,0.682739258,0.682739258,0.6981201,0.688110352,0.693115234,0.693115234,0.693115234,99.5556,10.7263145,20.9407463,33.8721466,10.027256,45.6398048,18.0129089,55,1110,7000.978,0,0,0,0,0.15625,0.25,0,0,0,0,0,0,0,0,0,62.53125,6141,5921,220,3.58247828,590.006,1.741312E+08,5580800,0.00101650634,16213.5352,15786.7422,426.792969,0.113046631,0,0,0,0,0,0,0,0,0,0,0,0,90.7417145,0,0.0405628122,0.194829181,0,36949.8477,85.62389,0,0.166664675,0.1864557,0,49259.29,0,0,0,0,0,0,0,0,0,0,0.00602170359,0.123055838,0,0,0,90005,79522,11.6471329,79523,100.001259,16.892,0,0
03/13/2025 10:21:01,0.0687122345,0,0.650471449,0,0.0292122364,49.450058,18.5267982,0,0,4.18874025,0.06983876,0,1.91058517,0,0,1.42767429,0,3.525436,0.374007225,1.24905109,3.68717313,49.450058,58,53.7142868,54,54,58,54,55,53,52,52,52,52,54,54,54,54,58,46,46,42,46,45,47,48,48,48,48,46,46,46,46,4479.99951,3384.88843,1095.111,1891.5553,696.8888,2289.77759,3484.444,3484.444,3484.444,3484.444,3484.444,1095.111,796.444336,1194.6665,12.687727,7.14886141,0,0.20215407,0.6734619,0.6734619,0.6734619,0.6734619,0.6734619,0.6784668,0.6834717,0.693481445,0.6984863,0.6984863,0.6984863,0.709472656,0.714477539,0.714477539,0.714477539,99.55554,10.7256355,20.9414253,33.8700027,10.0288391,45.63822,18.0157471,55,210,7000.978,0,0,0,0,0.06640625,0.25,0,0,0,0,0,0,0,0,0,62.59375,6141,5921,220,3.58247828,590.006,1.775104E+08,6041600,0.000861230132,16213.5352,15786.7422,426.824219,0.205990061,0,0,0,0,0,0,0,0,0,0,0,0,90.7417145,0,0.006675302,0,0,16672.8574,85.62389,0,0,0,0,0,0,0,0,0,0,0,0,0,0,0,0.00602170359,0.123055838,0,0,0,90005,79522,11.6471329,79523,100.001259,16.892,0,0
03/13/2025 10:21:02,0.05760193,1.52447224,1.56186819,1.52493715,1.576519,37.1103821,32.75714,7.29755163,1.55074,3.63855958,1.53508782,1.501751,0.0819385052,1.52997971,1.5294373,0,1.53586864,0.7739723,1.54895782,1.74955726,5.017787,37.1103821,73,56,54,54,59,73,57,55,54,54,54,54,54,54,54,54,73,46,46,41,27,43,45,46,46,46,46,46,46,46,46,4380.44873,2986.66968,1692.446,1592.8905,796.445251,4181.3374,3484.44775,3484.44775,3484.44775,3484.44775,3484.44775,3285.33667,1393.77917,1692.446,13.0351868,7.44327068,0,0.207155168,0.777709961,0.7677002,0.7607422,0.7557373,0.7657471,0.7657471,0.7657471,0.775756836,0.774536133,0.774536133,0.774536133,0.774536133,0.774536133,0.774536133,0.774536133,99.55566,10.7242279,20.9428329,33.8655624,10.0322456,45.6348152,18.0218735,55,1125,7000.978,0,0,0,0,0.0703125,0.25,0,0,0,0,0,0,0,0,0,62.625,6141,5921,220,3.58247828,590.006,1.855488E+08,6041600,0.0015214663,16213.5352,15786.7109,426.824219,0.136005551,0,0,0,0,0,0,0,0,0,0,0,0,90.7417145,0,0.0138996877,0.0931997,0,16335.4854,85.62389,0,0.201206461,0.204686373,0,13273.9717,0,0,0,0,0,0,0,0,0,0,0.00602211244,0.123056367,437.454254,568.9895,0.000928989262,90005,79522,11.6471329,79523,100.001259,16.89,0,0
03/13/2025 10:21:03,0.621330738,0,0,0,0,55.011158,22.7850914,0,0.6359935,0.032389164,0,0,2.65830755,0,0,0,0,3.90797257,0,0,0,55.011158,73,55.6428566,54,54,59,73,56,55,53,53,53,53,54,54,54,54,67,46,46,41,27,44,45,47,47,47,47,46,46,46,46,3384.88867,1891.55542,1095.11108,796.4444,696.888855,995.5555,3484.44434,3484.44434,3484.44434,3484.44434,3484.44434,3285.333,3484.44434,2687.99976,13.1931591,7.5453825,0,0.205710039,1.10974121,1.12963867,1.09973145,1.09973145,1.09973145,1.11474609,1.10473633,1.08789063,1.08789063,0.9729004,1.08789063,1.08789063,1.072876,1.04785156,1.04284668,99.55555,10.726017,20.9410439,33.87121,10.0316544,45.6354065,18.020813,55,1110,7000.978,0,0,0,0,0,0.25,0,0,0,0,0,0,0,0,0,62.59375,6141,5921,220,3.58247828,590.006,1.743872E+08,6963200,0.000727771258,16213.5352,15786.7109,426.824219,0.165651456,0,0,0,0,0,0,0,0,0,0,0,0,90.7417145,0,0.05240512,0.386082858,0,79873.92,85.62389,0,0.336609,0.357008636,0,26455.0156,0,0,0,0,0,0,0,0,0,0,0.006022229,0.123056531,124.30481,174.026733,0.000275372382,90005,79522,11.6471329,79523,100.001259,16.892,0,0
03/13/2025 10:21:04,0,1.46490932,1.47869587,1.45795941,28.84872,44.32873,26.8705311,29.6241226,0,1.60107613,1.49491429,1.456958,1.50288939,1.4678061,1.46471262,1.46710873,1.47482753,2.3843348,1.51796341,1.69899464,7.57553,44.32873,74,56,54,57,59,74,55,55,53,53,54,54,54,54,54,54,67,46,43,41,26,45,45,47,47,46,46,46,46,46,46,4480,4380.44434,1393.77771,4480,1791.99988,4380.44434,3484.44434,3484.44434,3484.44434,3484.44434,3484.44434,3484.44434,2190.22217,995.555542,12.246851,6.76207542,0,0.206564724,0.6623535,0.6623535,0.672973633,0.672973633,0.673339844,0.677368164,0.6824951,0.697509766,0.697509766,0.7125244,0.7125244,0.707519531,0.7125244,0.7125244,0.7141113,99.55555,10.7258224,20.9412384,33.8705978,10.0308189,45.6362419,18.01931,55,1110,7000.978,0,0,0,0,0.0703125,0.25,0,0,0,0,0,0,0,0,0,62.59375,6141,5921,220,3.58247828,590.006,1.816064E+08,5478400,0.05802782,16213.5352,15786.7109,426.824219,0.190165192,0,0,0,0,0,0,0,0,0,0,0,0,90.7417145,0,0.130263448,0.14252077,0,3053737.75,85.62389,0,0.16706486,0.161859438,0,11060.4141,0,0,0,0,0,0,0,0,0,0,0.006022229,0.123056531,0,0,0,90005,79522,11.6471329,79523,100.001259,16.892,0,0
03/13/2025 10:21:05,0.240039825,0,0,0,0,48.94864,28.2876072,0,0,14.7847414,6.51772,0,0,0,0,0,0,0.135499239,0,0,3.32984924,48.94864,57,54.7857132,55,56,57,54,56,54,54,54,54,53,55,55,55,55,57,45,44,43,46,44,46,46,46,46,47,45,45,45,45,4380.443,1592.88831,696.8886,696.8886,696.8886,696.8886,3484.443,3484.443,3484.443,3484.443,3484.443,1493.33276,1991.11035,1592.88831,14.3567362,8.577272,0,0.206012487,1.25537109,1.28039551,1.39038086,1.38037109,1.31738281,1.31237793,1.14733887,0.7373047,1.21240234,1.16235352,1.21240234,1.16235352,1.21240234,1.21240234,1.21240234,99.55552,10.7463722,20.9206886,33.9354935,10.035347,45.6317139,18.0274429,55,1110,7000.978,0,0,0,0,0.07421875,0.25,0,0,0,0,0,0,0,0,0,62.46875,6141,5921,220,3.58247828,590.006,1.908736E+08,4505600,0.000745867,16213.5352,15786.7109,426.824219,0.150472432,0,0,0,0,0,0,0,0,0,0,0,0,90.7417145,0,0.0282288566,0.3493881,0,125149.852,85.62389,0,0,0.000875787053,0,0,0,0,0,0,0,0,0,0,0,0,0.0060224,0.123056531,187.411514,0,0.000172988584,90005,79522,11.6471329,79523,100.001259,16.892,0,0
03/13/2025 10:21:06,0.300747156,1.6100049,1.63714886,1.60970092,5.9809804,26.0539474,47.34307,5.96345663,1.66324973,8.999419,0.201058388,4.56149,1.9916296,1.64610744,1.64169669,1.645261,1.64791346,4.54739952,1.98306441,1.94098353,6.14841557,47.34307,77,56.7857132,54,57,64,77,60,55,53,53,53,53,54,54,54,54,76,46,43,36,23,40,45,47,47,47,47,46,46,46,46,4480.004,4380.448,4380.448,4380.448,4380.448,3982.22559,1792.00159,995.5564,1194.66772,995.5564,796.4451,796.4451,1095.112,1294.22339,12.2874756,6.81425953,0,0.208191961,0.6977539,0.682739258,0.6727295,0.672973633,0.672973633,0.672973633,0.6779785,0.692993164,0.697998047,0.697998047,0.6994629,0.694458,0.6994629,0.714477539,0.709472656,99.55564,10.7270737,20.9399872,33.8745422,10.0293541,45.6377068,18.0166779,55,1110,7000.978,0,0,0,0,0.0703125,0.25,0,0,0,0,0,0,0,0,0,62.5,6141,5921,220,3.58247828,590.006,1.829888E+08,5171200,0.0009735751,16213.5352,15786.7109,426.824219,0.133530259,0,0,0,0,0,0,0,0,0,0,0,0,90.7417145,0,0.831199467,0.577607632,0,16925276,85.62389,0,0.210155144,0.204342976,0,13270.5127,0,0,0,0,0,0,0,0,0,0,0.0060224,0.123056531,0,0,0,90005,79522,11.6471329,79523,100.001259,16.887,0,0
03/13/2025 10:21:07,7.066703,1.35673285,1.69165134,0,20.32531,16.6159744,31.37449,0,0,1.66746378,2.01959014,0,2.9524684,0,12.2281666,0,0,0.07879734,17.0997982,0.697660446,5.638915,31.37449,72,56.2142868,54,56,64,72,56,57,52,52,52,52,55,55,55,55,72,46,44,36,28,44,43,48,48,48,48,45,45,45,45,4479.99951,4380.44434,4380.44434,3086.222,1095.11108,696.888855,895.999939,796.4444,796.4444,796.4444,796.4444,1095.11108,1194.66663,995.5555,14.0199919,8.394193,0,0.206276178,0.6722412,0.6672363,0.667114258,0.6621094,0.672119141,0.667114258,0.674194336,0.6791992,0.6842041,0.6842041,0.6791992,0.6791992,0.6779785,0.6779785,0.697998047,99.55555,10.7289848,20.938076,33.8805847,10.0253029,45.641758,18.0094,55,1110,7000.978,0,0,0,0,0.0703125,0.25,0,0,0,0,0,0,0,0,0,62.5,6141,5921,220,3.58247828,590.006,1.818624E+08,5068800,0.000871028169,16213.5352,15786.7109,426.824219,0.120446615,0,0,0,0,0,0,0,0,0,0,0,0,90.7417145,0,0,0.016021492,0,0,85.62389,0,0.164420083,0.1803179,0,6333.491,0,0,0,0,0,0,0,0,0,0,0.0060224,0.123056531,0,0,0,90005,79522,11.6471329,79523,100.001259,16.891,0,0
03/13/2025 10:21:08,0,0,0.9142518,0.8913398,9.684044,0.8889377,55.9778023,0.901371241,0.914257765,0.8892417,4.75424528,0.8907974,0.973039865,0.9213388,0.9213686,0.9246528,0.947970152,0.9212792,0.6371856,0.9732723,4.133332,55.9778023,65,57.07143,55,62,65,62,58,59,53,53,53,53,56,56,56,58,59,45,38,35,38,42,41,47,47,47,47,44,44,44,42,2190.223,1692.445,796.4447,796.4447,995.555847,1095.11145,796.4447,3484.44556,3484.44556,3484.44556,3484.44556,3484.44556,1991.11169,1294.22266,12.8649206,7.22534466,0,0.203982517,0.6904297,1.35546875,1.35546875,1.34851074,1.31848145,1.31848145,1.09851074,1.03674316,1.2467041,1.251709,1.251709,1.2467041,1.2467041,1.2467041,1.2467041,99.55559,10.7271385,20.9399223,33.8747559,10.027832,45.63923,18.0139389,55,2355,8000.982,0,0,0,0,0,0.25,0,0,0,0,0,0,0,0,0,62.375,6141,5921,220,3.58247828,590.006,1.784832E+08,6246400,0.0007426345,16213.5352,15786.7109,426.824219,0.117526211,0,0,0,0,0,0,0,0,0,0,0,0,90.7417145,0,0.0343929678,0.33348608,0,138078.9,85.62389,0,0.34183082,0.3527206,0,16088.8291,0,0,0,0,0,0,0,0,0,0,0.0060224,0.123056531,0,0,0,90005,79522,11.6471329,79523,100.001259,16.891,0,0
03/13/2025 10:21:09,1.468885,0,0,0,16.33339,0,52.15403,0,0,0,4.10248041,0,0.566107035,0,0,0,0,0,5.626482,0,2.64799,52.15403,57,54.92857,53,56,57,57,55,55,53,53,53,53,56,56,56,56,59,47,44,43,43,45,45,47,47,47,47,44,44,44,44,4380.44434,2190.22217,796.444458,796.444458,696.8889,696.8889,696.8889,1692.44446,3484.44458,3484.44458,3484.44458,3484.44458,3285.3335,3484.44458,11.4379148,5.86245346,0,0.205440372,1.19421387,1.13916016,1.20422363,0.6842041,0.6842041,1.34606934,1.35107422,1.25097656,1.25097656,1.25097656,1.25097656,1.25598145,1.25598145,1.25598145,1.25598145,99.55556,10.7283592,20.9387016,33.87861,10.0269165,45.6401443,18.012291,55,2355,8000.982,0,0,0,0,0,0.25,0,0,0,0,0,0,0,0,0,62.46875,6141,5921,220,3.58247828,590.006,1.680384E+08,6809600,0,16213.5352,15786.7109,426.824219,0.0852458,0,0,0,0,0,0,0,0,0,0,0,0,90.7417145,0,0.00664107734,0,0,4166.079,85.62389,0,0,0,0,0,0,0,0,0,0,0,0,0,0,0,0.0060224,0.123056531,0,0,0,90005,79522,11.6471329,79523,100.001259,16.892,0,0
03/13/2025 10:21:10,0,2.43746638,0.9611726,0.9348631,9.250802,0.9254873,57.708252,0.8830428,0.9006798,0.871652365,0.6462574,0.8747518,0.911814,0.8926213,0.8871496,0.8910775,0.888448954,0.8981943,1.44649744,1.22121572,4.192561,57.708252,68,56.1428566,54,57,66,68,58,55,52,52,52,52,55,55,55,55,69,46,43,34,32,42,45,48,48,48,48,45,45,45,45,4480.00049,2289.778,896.0001,796.4445,696.889,796.4445,995.555664,3484.44482,3484.44482,3484.44482,3484.44482,3484.44482,3484.44482,3484.44482,12.7661953,7.183067,0,0.205582425,1.25964355,1.35473633,1.35473633,1.35473633,1.324707,1.35473633,1.324707,1.171875,1.24682617,1.11682129,1.251831,1.171875,1.251831,1.171875,1.171875,99.5555649,10.7257614,20.9413,33.8704071,10.0257416,45.64132,18.0101852,55,2355,8000.982,0,0,0,0,0,0.25,0,0,0,0,0,0,0,0,0,62.40625,6141,5921,220,3.58247828,590.006,1.73824E+08,6912000,0.000851016142,16213.5352,15786.7109,426.824219,0.118655339,0,0,0,0,0,0,0,0,0,0,0,0,90.7417145,0,0.04553401,0.04523523,0,10198.2979,85.62389,0,0.1783017,0.188022,0,13769.1035,0,0,0,0,0,0,0,0,0,0,0.0060224,0.123056531,0,0,0,90005,79522,11.6471329,79523,100.001259,16.891,0,0
03/13/2025 10:21:11,3.73175144,0,0,0,42.0428352,0,31.8172455,0,0,0,2.103287,1.59559846,3.096497,0.960481167,0,0,0,0,14.4163246,1.59015656,3.93556356,42.0428352,71,58,54,60,57,71,59,71,53,53,53,53,57,57,57,57,67,46,40,43,29,41,29,47,47,47,47,43,43,43,43,4380.44336,4479.999,1194.66638,1393.77747,1393.77747,895.9998,895.9998,796.4443,796.4443,895.9998,796.4443,1493.333,1592.88855,1294.22192,13.0326872,7.533133,0,0.2071937,0.695556641,0.688476563,0.6784668,0.6734619,0.6784668,0.6734619,0.674560547,0.674560547,0.6795654,0.6795654,0.674560547,0.679077148,0.679077148,0.679077148,0.679077148,99.5555344,10.73151,20.93555,33.8885574,10.0294609,45.6376,18.0168686,55,1125,7000.978,0,0,0,0,0.0546875,0.25,0,0,0,0,0,0,0,0,0,62.5625,6141,5921,220,3.58247828,590.006,1.895424E+08,4352000,0.0009869986,16213.5352,15786.7109,426.824219,0.157096356,0,0,0,0,0,0,0,0,0,0,0,0,90.7417145,0,0.05162349,0.308970451,0,53572.4648,85.62389,0,0.165391117,0.163469627,0,10227.4775,0,0,0,0,0,0,0,0,0,0,0.0060224,0.123056531,0,0,0,90005,79522,11.6471329,79523,100.001259,16.892,0,0
03/13/2025 10:21:12,0.8657515,2.32192874,2.35055685,2.32121348,20.1282864,0.823712349,49.85983,2.308768,1.13335848,0.8117378,3.793192,0,0.181621313,0.848168135,0.84695816,0.844758749,0.8594036,0.835710764,0,0,4.35169935,49.85983,77,57.42857,54,54,66,77,59,59,54,54,54,53,55,55,55,55,64,46,46,34,23,41,41,46,46,46,47,45,45,45,45,4380.446,3982.22363,4480.00146,4181.335,1592.8894,796.4447,796.4447,3185.77881,3185.77881,3185.77881,3185.77881,3185.77881,3185.77881,3185.77881,13.4530563,7.905728,0,0.206583783,1.104126,1.354126,1.354126,0.684082031,1.32409668,1.30871582,1.33874512,1.0637207,1.24865723,1.25671387,1.25671387,1.25671387,1.25671387,1.25671387,1.25671387,99.55559,10.72937,20.93769,33.8817978,10.0306435,45.6364174,18.0189972,55,2355,8000.982,0,0,0,0,0,0.25,0,0,0,0,0,0,0,0,0,62.40625,6141,5921,220,3.58247828,590.006,1.819136E+08,6297600,0.0612169,16213.5352,15786.7109,426.824219,0.188937947,0,0,0,0,0,0,0,0,0,0,0,0,90.7417145,0,0.00468123658,0.0146806818,0,3623.28882,85.62389,0,0,0.0156614166,0,0,0,0,0,0,0,0,0,0,0,0,0.0060224,0.123056531,0,0,0,90005,79522,11.6471329,79523,100.001259,16.892,0,0
03/13/2025 10:21:13,0,1.42714381,0,1.42714381,10.2564869,1.412344,59.21599,1.43953562,1.47420764,1.40946507,0.509119034,0,1.46055818,1.43392682,1.4316678,0,1.43062472,0,1.51535273,0,4.271907,59.21599,57,54.3571434,54,56,57,57,55,54,52,52,52,52,55,55,55,55,57,46,44,43,43,45,46,48,48,48,48,45,45,45,45,4479.99951,2090.6665,796.4444,796.4444,696.8888,895.999939,3484.444,3484.444,3484.444,3484.444,3484.444,3484.444,3484.444,1791.99988,11.4970989,6.00773335,0,0.207432419,0.770385742,0.760376,0.760376,0.760376,0.760376,0.8054199,0.8043213,1.19433594,1.19433594,1.19433594,1.19433594,1.19116211,1.19116211,1.19116211,1.19116211,99.55555,10.7301445,20.9369164,33.8842468,10.030674,45.6363869,18.01905,55,2355,8000.982,0,0,0,0,0,0.25,0,0,0,0,0,0,0,0,0,62.40625,6141,5921,220,3.58247828,590.006,1.8176E+08,6604800,0,16213.5352,15786.7109,426.824219,0.129714116,0,0,0,0,0,0,0,0,0,0,0,0,90.7417145,0,0.147728547,0.190729782,0,3106131,85.62389,0,0.344801456,0.353032261,0,41065.6836,0,0,0,0,0,0,0,0,0,0,0.00602245145,0.123056591,55.8438225,67.01259,0.000113401555,90005,79522,11.6471329,79523,100.001259,16.89,0,0
03/13/2025 10:21:14,0,0,0,0,36.4035072,0,47.2930832,0,0,0,0.877141953,0,0,0,0,0,0,0,2.91520953,0.176543,3.58445048,47.2930832,55,53.8571434,53,54,55,54,55,53,52,54,54,54,54,54,54,54,58,47,46,45,46,45,47,48,46,46,46,46,46,46,46,3683.55371,2588.443,796.444031,696.88855,696.88855,1393.7771,3484.44263,3484.44263,3484.44263,3484.44263,3484.44263,3484.44263,2588.443,895.9996,13.8865271,8.085445,0,0.204191551,0.6828613,0.6828613,0.677856445,0.677856445,0.6828613,0.681152344,0.681152344,0.6661377,0.676147461,0.676147461,0.681152344,0.665039063,0.6850586,0.6850586,0.6800537,99.5555038,10.7322311,20.93483,33.89084,10.0316429,45.6354179,18.0207825,55,1110,7000.978,0,0,0,0,0.0546875,0.25,0,0,0,0,0,0,0,0,0,62.53125,6141,5921,220,3.58247828,590.006,1.830912E+08,5324800,0.012286975,16213.5352,15786.7109,426.824219,0.125204876,0,0,0,0,0,0,0,0,0,0,0,0,90.7417145,0,0.881442368,0.9428762,0,16859418,85.62389,0,0.202281982,0.199935,0,10055.4336,0,0,0,0,0,0,0,0,0,0,0.00602245145,0.123056591,0,0,0,90005,79522,11.6471329,79523,100.001259,16.892,0,0
03/13/2025 10:21:15,0,0,1.306665,0,22.409481,0,51.90387,0,0,0,2.42419839,0,0,0,0,0,0,1.30164027,2.06160545,0,3.9041698,51.90387,70,54.8571434,54,54,56,55,55,70,52,52,52,52,54,54,54,54,70,46,46,44,45,45,30,48,48,48,48,46,46,46,46,1991.11157,1294.22253,4480.001,4380.44531,3484.44531,4280.89,3086.223,3086.223,3086.223,3484.44531,3086.223,3484.44531,796.444641,796.444641,11.1843615,5.929492,0,0.2060995,0.652709961,0.652709961,0.6534424,0.6534424,0.6534424,0.6583252,0.6583252,0.6533203,0.6583252,0.6627197,0.6627197,0.657714844,0.6627197,0.6677246,0.6694336,99.55558,10.7292519,20.937809,33.881424,10.03022,45.63684,18.0182343,55,1110,7000.978,0,0,0,0,0.13671875,0.25,0,0,0,0,0,0,0,0,0,62.625,6141,5921,220,3.58247828,590.006,1.806848E+08,4761600,0.0509593822,16213.5352,15786.7109,426.824219,0.188140959,0,0,0,0,0,0,0,0,0,0,0,0,90.7417145,0,0.0122694122,0,0,13277.3809,85.62389,0,0.160878927,0.14945741,0,11234.7031,0,0,0,0,0,0,0,0,0,0,0.00602245145,0.123056591,0,0,0,90005,79522,11.6471329,79523,100.001259,16.892,0,0
03/13/2025 10:21:16,0.2569735,0.170230865,0,0.169432163,23.76001,0.178611279,45.91997,0.198322535,0.21033287,0.177615881,3.67360115,0.181692839,0.66203475,0.20211935,0.2019465,0.211405754,0.2155006,0,0.797462463,0.326436758,3.74158025,45.91997,62,55.2142868,54,56,58,62,55,62,52,52,53,53,54,54,54,54,57,46,44,42,38,45,38,48,48,47,47,46,46,46,46,1493.33289,696.8887,696.8887,895.999756,4280.8877,4380.44336,3484.44336,3484.44336,3484.44336,3484.44336,1791.99951,796.4442,796.4442,696.8887,13.5452385,7.951156,0,0.205216736,0.648193359,0.652709961,0.657348633,0.6627197,0.6628418,0.662963867,0.672973633,0.672485352,0.677490234,0.677490234,0.6824951,0.672485352,0.6793213,0.6793213,0.6793213,99.55553,10.730011,20.93705,33.88382,10.0312195,45.63584,18.0200272,55,1125,7000.978,0,0,0,0,0.2109375,0.25,0,0,0,0,0,0,0,0,0,62.5,6141,5921,220,3.58247828,590.006,1.686528E+08,5632000,0.0125636756,16213.5352,15786.7109,426.824219,0.131634369,0,0,0,0,0,0,0,0,0,0,0,0,90.7417145,0,0.02215448,0.06323697,0,17155.09,85.62389,0,0,0,0,0,0,0,0,0,0,0,0,0,0,0,0.00602245145,0.123056591,0,0,0,90005,79522,11.6471329,79523,100.001259,16.892,0,0
03/13/2025 10:21:17,0.541991,1.49469972,3.15796733,1.49506927,28.749054,1.50184035,48.48578,0,1.58416629,1.50351524,3.20764184,1.56658292,0.8863926,1.53561234,1.53606534,3.01182866,1.54508352,3.02634835,3.96963358,0.487589836,5.22238,48.48578,58,54.57143,53,56,58,56,56,53,53,53,53,53,55,55,55,55,57,47,44,42,44,44,47,47,47,47,47,45,45,45,45,4380.44873,1692.44617,4480.00439,4480.00439,4081.78174,4081.78174,3185.781,3185.781,3185.781,3185.781,2688.00269,896.0009,796.445251,796.445251,13.0614634,7.80259752,0,0.206402525,0.657348633,0.657348633,0.657226563,0.6522217,0.6522217,0.6533203,0.6583252,0.6633301,0.6633301,0.6633301,0.6633301,0.6583252,0.668334961,0.668334961,0.6645508,99.55566,10.7296753,20.9373856,33.8827667,10.030159,45.6369,18.01812,55,1110,7000.978,0,0,0,0,0.15234375,0.25,0,0,0,0,0,0,0,0,0,62.59375,6141,5921,220,3.58247828,590.006,1.768448E+08,5017600,0.0555428676,16213.5352,15786.7109,426.824219,0.17530176,0,0,0,0,0,0,0,0,0,0,0,0,90.7417145,0,0.0158721078,1.64023256,0,29032.4434,85.62389,0,0.177812144,0.215974048,0,32664.63,0,0,0,0,0,0,0,0,0,0,0.00602245145,0.123056591,0,0,0,90005,79522,11.6471329,79523,100.001259,16.892,0,0
03/13/2025 10:21:18,0.8799195,0,0,0,31.7456665,0,37.670166,5.181533,0,0,0.75019,0,1.09887123,0,0,0,0,0,0,0.981831551,3.229016,37.670166,75,56.3571434,53,56,75,54,61,54,54,54,54,54,55,55,55,55,75,47,44,25,46,39,46,46,46,46,46,45,45,45,45,1493.332,796.4437,696.888245,4380.44043,4380.44043,4479.996,3484.44141,3484.44141,3484.44141,1891.55383,3285.33032,1095.11011,796.4437,895.9992,11.2158871,5.772934,0,0.203368679,0.670043945,0.665039063,0.665039063,0.665039063,0.670043945,0.673584,0.673584,0.673584,0.678588867,0.678588867,0.678588867,0.6796875,0.6796875,0.6796875,0.6796875,99.5554657,10.7268791,20.9401817,33.87394,10.0271721,45.63989,18.0127563,55,1125,7000.978,0,0,0,0,0.0546875,0.25,0,0,0,0,0,0,0,0,0,62.5625,6141,5921,220,3.58247828,590.006,1.849856E+08,5068800,0.0009295256,16213.5352,15786.7109,426.824219,0.118427217,0,0,0,0,0,0,0,0,0,0,0,0,90.7417145,0,0.02847888,0.0501045547,0,91124.3359,85.62389,0,0.330115139,0.349018574,0,25341.6328,0,0,0,0,0,0,0,0,0,0,0.00602245145,0.123056591,0,0,0,90005,79522,11.6471329,79523,100.001259,16.887,0,0
03/13/2025 10:21:19,0.07367134,0,0.0335395336,0,15.1560421,0.0212013721,54.1334877,0.0189602375,0.0280201435,0.008189678,3.69769335,0.002771616,0.178658962,0.0178098679,0.018119812,0.02182126,0.0231683254,0.0264108181,2.16460824,0.114047527,3.78530622,54.1334877,57,54.1428566,54,54,57,55,56,54,52,52,52,52,55,55,55,55,57,46,46,43,45,44,46,48,48,48,48,45,45,45,45,3185.779,1194.66711,1095.11157,796.444763,2090.66748,4380.44629,3484.4458,3484.4458,3484.4458,3285.33472,1991.11194,796.444763,1891.55627,1792.00073,13.0193768,7.3951993,0,0.210011631,0.841430664,0.8514404,0.8364258,0.686401367,0.679077148,0.7590332,0.7640381,0.776977539,0.807006836,0.807006836,0.807006836,0.7919922,0.7919922,0.776977539,0.776977539,99.5555954,10.7270813,20.93998,33.8745728,10.0285988,45.6384621,18.01532,55,210,7000.978,0,0,0,0,0.06640625,0.25,0,0,0,0,0,0,0,0,0,62.5,6141,5921,220,3.58247828,590.006,1.622528E+08,7116800,0.0009235119,16213.5352,15786.7109,426.824219,0.09359493,0,0,0,0,0,0,0,0,0,0,0,0,90.7417145,0,0.04177187,0.18998906,0,58648.8,85.62389,0,0.174858242,0.16308862,0,7746.069,0,0,0,0,0,0,0,0,0,0,0.006022623,0.123056591,198.899139,0,0.000183592143,90005,79522,11.6471329,79523,100.001259,16.887,0,0
03/13/2025 10:21:20,0,0.342780352,0.3798902,0.342869759,18.8750629,0.3363788,51.7894745,0.3354907,0.361442566,0.3367424,0.693422556,0.339752436,2.04430223,0.3565073,0.3597796,0.353539,0.362128019,0.373780727,0,0.9024322,3.82477045,51.7894745,74,56.2142868,54,56,56,56,55,74,54,54,54,54,55,55,55,55,66,46,44,44,44,45,26,46,46,46,46,45,45,45,45,1095.11108,796.4444,796.4444,995.5555,1791.99988,4479.99951,3484.44434,3484.44434,3484.44434,3484.44434,995.5555,1095.11108,2986.6665,2986.6665,12.8854561,7.273626,0,0.206030875,1.21801758,1.32800293,1.34301758,1.34802246,1.35253906,1.33996582,1.33996582,1.204956,1.204956,1.20068359,1.20068359,1.20068359,1.20068359,1.20068359,1.2109375,99.55555,10.7240257,20.9430351,33.86492,10.0280075,45.6390533,18.01426,55,1110,7000.978,0,0,0,0,0.14453125,0.25,0,0,0,0,0,0,0,0,0,62.59375,6141,5921,220,3.58247828,590.006,1.52064E+08,6809600,0.00140817661,16213.5352,15786.7109,426.824219,0.118317008,0,0,0,0,0,0,0,0,0,0,0,0,90.7417145,0,0.0149965174,0.03518915,0,4108.918,85.62389,0,0,0.00413281936,0,0,0,0,0,0,0,0,0,0,0,0,0.006022623,0.123056591,0,0,0,90005,79522,11.6471329,79523,100.001259,16.887,0,0
03/13/2025 10:21:21,1.18350983,0,0,0,15.4469194,0,55.6795349,0,0,0,2.85131931,0,0,0,0,0,0,0,5.446315,0,3.70118022,55.6795349,63,55.6428566,54,54,61,63,57,54,54,54,54,54,55,55,55,55,64,46,46,39,37,43,46,46,46,46,46,45,45,45,45,1194.66711,796.444763,796.444763,896.000366,3086.22339,4480.002,3484.4458,3484.4458,3484.4458,3484.4458,3484.4458,2688.001,2190.22314,2986.668,12.02075,6.53369474,0,0.205829322,1.057373,1.09741211,1.10229492,1.11486816,1.35461426,1.34118652,1.33618164,1.21118164,1.21118164,1.20617676,1.20617676,1.20617676,1.20617676,1.20617676,1.20117188,99.5555954,10.7234917,20.94357,33.8632355,10.0278931,45.6391678,18.0140457,55,1110,7000.978,0,0,0,0,0.0703125,0.25,0,0,0,0,0,0,0,0,0,62.53125,6141,5921,220,3.58247828,590.006,1.562624E+08,6758400,0.000419681717,16213.5352,15786.7109,426.824219,0.1677367,0,0,0,0,0,0,0,0,0,0,0,0,90.7417145,0,0.0282409824,0.020392444,0,70416.375,85.62389,0,0.208835915,0.205889031,0,17604.99,0,0,0,0,0,0,0,0,0,0,0.006022623,0.123056591,0,0,0,90005,79522,11.6471329,79523,100.001259,16.887,0,0
03/13/2025 10:21:22,1.17607117,0,1.295656,1.2598753,46.0229,0,25.0642471,1.26901865,1.26774907,1.25705,3.96801233,1.2616694,6.04651546,1.88221931,1.28350258,1.26820207,1.27315521,1.2748301,3.2943964,1.463002,4.807597,46.0229,71,56.07143,54,56,57,71,56,59,54,54,54,54,54,54,54,54,60,46,44,43,29,44,41,46,46,46,46,46,46,46,46,3683.556,4081.77832,1493.3335,1393.778,3882.66724,1393.778,3185.778,1095.11121,3185.778,3185.778,1692.4447,696.889,1692.4447,1692.4447,13.4891176,7.6457243,0,0.204329342,0.7624512,0.7425537,0.7425537,0.7426758,0.8925781,0.8925781,0.8925781,0.757568359,0.757568359,0.7858887,0.7858887,0.7858887,0.820922852,0.670898438,0.7558594,99.5555649,10.7396812,20.92738,33.91436,10.0306129,45.6364479,18.0189362,55,1080,7000.978,0,0,0,0,0.0625,0.25,0,0,0,0,0,0,0,0,0,62.53125,6141,5921,220,3.58247828,590.006,1.62048E+08,6963200,0.0585717075,16213.5352,15786.7109,426.824219,0.182527438,0,0,0,0,0,0,0,0,0,0,0,0,90.7417145,0,0.164148241,0.496434242,0,3041755.75,85.62389,0,0.182723477,0.189957529,0,6524.84229,0,0,0,0,0,0,0,0,0,0,0.006022794,0.123056591,180.407654,0,0.000166523736,90005,79522,11.6471329,79523,100.001259,16.887,0,0
03/13/2025 10:21:23,4.23051739,1.19481087,0,0,37.65506,5.50723648,35.90001,0,0,0,6.28818274,0,1.64141059,2.556759,0,0,0,0,6.81983852,12.0605526,5.512887,37.65506,57,54.1428566,54,55,57,54,56,53,53,53,52,52,55,55,55,54,57,46,45,43,46,44,47,47,47,48,48,45,45,45,46,4380.44531,1991.11145,896.0002,796.4446,696.889038,4380.44531,3484.445,3484.445,3484.445,3484.445,3484.445,3484.445,696.889038,696.889038,11.6575785,6.05639839,0,0.2046598,0.6619873,0.6619873,0.661376953,0.661376953,0.6463623,0.651977539,0.6619873,0.6619873,0.6569824,0.6619873,0.6586914,0.6586914,0.6636963,0.6636963,0.6636963,99.55557,10.7385788,20.9284821,33.91088,10.0271187,45.6399422,18.0126648,55,1125,7000.978,0,0,0,0,0.09765625,0.25,0,0,0,0,0,0,0,0,0,62.65625,6141,5921,220,3.58247828,590.006,1.747968E+08,5836800,0.0123309344,16213.5352,15786.7109,426.824219,0.138942912,0,0,0,0,0,0,0,0,0,0,0,0,90.7417145,0,0.8196149,0.5707298,0,16902052,85.62389,0,0.336096346,0.3615143,0,15796.8037,0,0,0,0,0,0,0,0,0,0,0.006022794,0.123056591,0,0,0,90005,79522,11.6471329,79523,100.001259,16.887,0,0
03/13/2025 10:21:24,0,0,0,0,25.2129612,0,44.94173,0,0,0,0,0,0.2670586,0,0,0,0,0,0,0,3.13199162,44.94173,57,54.42857,53,57,57,57,55,54,53,53,53,53,54,54,54,55,58,47,43,43,43,45,46,47,47,47,47,46,46,46,45,3484.44434,3086.222,4380.44434,4380.44434,4280.88867,4479.99951,3185.77759,3185.77759,3185.77759,3484.44434,1592.88879,796.4444,1095.11108,895.999939,12.9642191,7.713638,0,0.206242442,0.662597656,0.661376953,0.667602539,0.667602539,0.6668701,0.671875,0.6783447,0.6973877,0.6973877,0.6973877,0.697998047,0.6879883,0.7130127,0.7130127,0.7130127,99.55555,10.72287,20.944191,33.8612671,10.0296021,45.63746,18.01712,55,1140,7000.978,0,0,0,0,0.109375,0.25,0,0,0,0,0,0,0,0,0,62.46875,6141,5921,220,3.58247828,590.006,1.758208E+08,5734400,0.0467608534,16213.5352,15786.7109,426.824219,0.171611086,0,0,0,0,0,0,0,0,0,0,0,0,90.7417145,0,0.0136566628,0.03915442,0,49014.66,85.62389,0,0,0,0,0,0,0,0,0,0,0,0,0,0,0,0.006022794,0.123056591,0,0,0,90005,79522,11.6471329,79523,100.001259,16.887,0,0
03/13/2025 10:21:25,1.76895857,0,0.13204813,0,37.07006,0,43.2457047,0,0,0,4.428911,0,2.88822055,0,0,0,0,0,5.70659637,1.42931938,0,43.2457047,71,55.2142868,53,57,57,71,57,54,52,52,52,52,54,54,54,54,68,47,43,43,29,43,46,48,48,48,48,46,46,46,46,4380.445,1493.3335,796.4445,796.4445,2389.3335,4380.445,3484.44482,3484.44482,3484.44482,3285.3335,3484.44482,1592.889,796.4445,995.5556,11.5681019,6.00019741,0,0.204170018,0.667480469,0.672485352,0.6677246,0.6727295,0.6727295,0.6777344,0.678710938,0.678710938,0.698730469,0.698730469,0.698730469,0.6937256,0.698730469,0.6990967,0.6990967,99.5555649,10.7283516,20.93871,33.8785858,10.0306091,45.63645,18.0189362,55,1110,7000.978,0,0,0,0,0.0546875,0.25,0,0,0,0,0,0,0,0,0,62.40625,6141,5921,220,3.58247828,590.006,1.84832E+08,4966400,0.00181558053,16213.5352,15786.7109,426.824219,0.117419235,0,0,0,0,0,0,0,0,0,0,0,0,90.7417145,0,0.07056855,0.17882587,0,56363.2227,85.62389,0,0.200669691,0.211844444,0,13712.7012,0,0,0,0,0,0,0,0,0,0,0.00602296554,0.123056591,182.523926,0,0.000168477141,90005,79522,11.6471329,79523,100.001259,16.887,0,0
03/13/2025 10:21:26,0,0,1.20763779,0,19.322998,30.16956,51.57724,30.18468,0,0,2.39463449,25.291317,0,0,0,0,0,1.18098855,0,0,7.69445324,51.57724,72,55.8571434,54,56,57,72,56,54,54,53,53,53,55,55,55,55,71,46,44,43,28,44,46,46,47,47,47,45,45,45,45,2190.22168,796.4443,696.888733,4380.44336,4479.999,4380.44336,3484.44385,2289.77734,796.4443,2986.666,2986.666,2986.666,2986.666,2986.666,12.5706062,7.048864,0,0.204691842,1.24255371,1.36755371,1.36755371,1.34265137,1.33251953,1.35742188,1.35742188,1.12243652,1.12243652,1.12243652,1.18249512,1.18249512,1.18249512,1.19384766,1.138794,99.5555344,10.72744,20.939621,33.8757,10.0290146,45.6380463,18.0160675,55,1110,7000.978,0,0,0,0,0.078125,0.25,0,0,0,0,0,0,0,0,0,62.53125,6141,5921,220,3.58247828,590.006,1.844224E+08,5529600,0.00105720793,16213.5352,15786.7109,426.824219,0.122726463,0,0,0,0,0,0,0,0,0,0,0,0,90.7417145,0,0.006551525,0.0194304176,0,9913.137,85.62389,0,0.174150333,0.196657822,0,6783.31934,0,0,0,0,0,0,0,0,0,0,0.00602296554,0.123056591,0,0,0,90005,79522,11.6471329,79523,100.001259,16.887,0,0
03/13/2025 10:21:27,0.0182926655,0,0,0,13.1533508,0,55.57738,0,0,0,1.00144148,0,0,0,0,0,0,0,0.3820181,0,3.408736,55.57738,72,55.5,54,56,57,72,55,55,52,52,52,52,55,55,55,55,67,46,44,43,28,45,45,48,48,48,48,45,45,45,45,2090.66748,4181.335,3783.11255,1792.00073,4280.89063,4380.44629,1692.44507,3484.4458,3484.4458,3484.4458,3484.4458,1493.334,796.444763,696.88916,11.6790161,6.34587574,0,0.2046805,0.647460938,0.6530762,0.6530762,0.6530762,0.6591797,0.6591797,0.6641846,0.6641846,0.6627197,0.6677246,0.6677246,0.6627197,0.6677246,0.6677246,0.6677246,99.5555954,10.725975,20.9410858,33.87108,10.0274811,45.63958,18.0133133,55,1125,7000.978,0,0,0,0,0.078125,0.25,0,0,0,0,0,0,0,0,0,62.625,6141,5921,220,3.58247828,590.006,1.777664E+08,5734400,0.0620232746,16213.5352,15786.7109,426.824219,0.196097344,0,0,0,0,0,0,0,0,0,0,0,0,90.7417145,0,0.009792724,0.08263582,0,17408.24,85.62389,0,0.156013235,0.149873361,0,11439.6934,0,0,0,0,0,0,0,0,0,0,0.00602296554,0.123056591,0,0,0,90005,79522,11.6471329,79523,100.001259,16.886,0,0
03/13/2025 10:21:28,0.306719542,0.211387873,0.255250931,0.210773945,19.2928371,0.213122368,60.2443581,0.229501724,0.227546692,0.20673871,1.208961,0.386226177,0.6614864,0.223833323,0.225311518,0.223135948,0.235331059,0.25447607,0.3159225,0.327456,4.273015,60.2443581,57,54.07143,54,53,57,55,56,54,53,53,53,53,54,54,54,54,59,46,47,43,45,44,46,47,47,47,47,46,46,46,46,3086.2207,1592.88806,796.444031,796.444031,696.88855,3583.99829,3285.33179,3484.44287,3484.44287,3484.44287,3484.44287,3484.44287,796.444031,796.444031,12.4256592,6.8215313,0,0.20416458,0.6668701,0.6668701,0.6713867,0.671630859,0.657959,0.672973633,0.6727295,0.6727295,0.6727295,0.682739258,0.682739258,0.6784668,0.6798096,0.6998291,0.6948242,99.5555038,10.7234154,20.9436455,33.863,10.0274124,45.63965,18.0131912,55,1125,7000.978,0,0,0,0,0.0546875,0.25,0,0,0,0,0,0,0,0,0,62.59375,6141,5921,220,3.58247828,590.006,1.839616E+08,5273600,0.00146253884,16213.5352,15786.7109,426.824219,0.128207952,0,0,0,0,0,0,0,0,0,0,0,0,90.7417145,0,0.0329480767,0.141197488,0,118586.719,85.62389,0,0.171789274,0.1813642,0,32707.9023,0,0,0,0,0,0,0,0,0,0,0.00602301676,0.12305665,54.88702,65.8644257,0.000111458583,90005,79522,11.6471329,79523,100.001259,16.887,0,0
03/13/2025 10:21:29,0.7919252,0.6015897,0,0.6012261,15.1603584,0.601774454,54.80765,0,0.7687509,0.607568,0,0.6092727,4.35212851,0.6413996,0.6416023,0.6443918,0.6487727,0,3.23511362,0.8600712,1.65872574,54.80765,57,53.7857132,54,54,57,53,55,53,53,53,53,53,53,54,54,54,58,46,46,43,47,45,47,47,47,47,47,47,46,46,46,4380.44775,1792.00134,796.445,796.445,2090.66821,4480.00342,3484.447,3484.447,3484.447,3484.447,1792.00134,796.445,1095.11194,1194.66748,11.0000048,5.52900171,0,0.204870388,0.669555664,0.674560547,0.669555664,0.669555664,0.669555664,0.6738281,0.6838379,0.693847656,0.698852539,0.698852539,0.698852539,0.693847656,0.7137451,0.708740234,0.7137451,99.5556259,10.7215919,20.9454689,33.85724,10.02639,45.64067,18.0113525,55,1095,7000.978,0,0,0,0,0.0546875,0.25,0,0,0,0,0,0,0,0,0,62.53125,6141,5921,220,3.58247828,590.006,1.606656E+08,6758400,0.00157042232,16213.5352,15786.7109,426.824219,0.124225445,0,0,0,0,0,0,0,0,0,0,0,0,90.7417145,0,0.00514595956,0,0,4053.52222,85.62389,0,0.199168429,0.1982481,0,13682.543,0,0,0,0,0,0,0,0,0,0,0.006023625,0.123058327,646.3559,1780.69568,0.00224026921,90005,79522,11.6471329,79523,100.001259,16.887,0,0
03/13/2025 10:21:30,0,0,2.5277555,0,11.548769,0,57.93479,25.1498871,0,0,1.95766091,0,0,0,0,0,0,2.51687765,0.4802525,0,4.78027439,57.93479,71,55.3571434,54,56,57,71,56,55,53,53,52,52,54,54,54,54,67,46,44,43,29,44,45,47,47,48,48,46,46,46,46,1891.55481,796.444153,1095.11072,1095.11072,2687.999,4479.998,3484.443,3484.443,3484.443,3484.443,3484.443,1692.44373,1194.66614,2986.66553,12.1544886,6.533718,0,0.207510039,1.21984863,1.34484863,1.34484863,1.329834,1.31347656,1.35839844,1.35742188,1.12243652,1.12243652,1.12243652,1.12243652,1.12243652,1.12243652,1.12243652,1.11743164,99.55552,10.7215309,20.94553,33.857048,10.0271339,45.6399269,18.0126877,55,1140,7000.978,0,0,0,0,0.06640625,0.25,0,0,0,0,0,0,0,0,0,62.5,6141,5921,220,3.58247828,590.006,1.867776E+08,5939200,0.0007396253,16213.5352,15786.7109,426.824219,0.120927751,0,0,0,0,0,0,0,0,0,0,0,0,90.7417145,0,0.2180032,0.583280742,0,3233855.5,85.62389,0,0.174287438,0.1873951,0,7239.464,0,0,0,0,0,0,0,0,0,0,0.006023625,0.123058408,0,86.864624,8.017965E-05,90005,79522,11.6471329,79523,100.001259,16.887,0,0
03/13/2025 10:21:31,0,0,0,0,24.5251713,0,52.25295,0,0,0,5.06174,0,5.80533743,0,0,0,0,0,10.4494209,2.90296078,4.71895933,52.25295,69,54.8571434,54,56,57,69,56,52,52,52,52,52,54,54,54,54,72,46,44,43,31,44,48,48,48,48,48,46,46,46,46,3882.66724,3882.66724,4081.77832,4380.44531,4181.334,4380.44531,3086.22266,3185.77832,3185.77832,3086.22266,1095.11133,3086.22266,1891.55579,3185.77832,12.657093,7.22462845,0,0.205033228,1.22424316,1.33081055,1.3458252,1.3458252,1.22424316,1.354248,1.35253906,1.20251465,1.18249512,1.18249512,1.18249512,1.178833,1.178833,1.19885254,1.19885254,99.55557,10.73716,20.9299011,33.906395,10.02639,45.64067,18.0113525,55,1110,7000.978,0,0,0,0,0.0859375,0.25,0,0,0,0,0,0,0,0,0,62.59375,6141,5921,220,3.58247828,590.006,1.650176E+08,6758400,0.0588358976,16213.5352,15786.7109,426.824219,0.134621277,0,0,0,0,0,0,0,0,0,0,0,0,90.7417145,0,0.8017232,0.558756769,0,17206504,85.62389,0,0,0.006642464,0,0,0,0,0,0,0,0,0,0,0,0,0.006023625,0.123058408,0,0,0,90005,79522,11.6471329,79523,100.001259,16.887,0,0
03/13/2025 10:21:32,0.526499748,1.5096128,0.00457763672,1.50814652,27.5098972,1.51115656,49.5463371,1.54393315,1.53631568,1.516968,0.8901417,1.51748657,0,1.53708458,1.53835416,1.53918862,1.54925585,0.00547170639,0.5110383,0,4.686928,49.5463371,80,59,54,65,65,73,57,80,53,53,53,53,55,55,55,55,77,46,35,35,27,43,20,47,47,47,47,45,45,45,45,4480.005,4480.005,4380.449,3086.22559,1194.668,1393.7793,796.4453,796.4453,796.4453,796.4453,995.556641,1194.668,1095.1123,995.556641,12.0591621,6.73040342,0,0.208457708,0.6678467,0.666381836,0.666381836,0.662597656,0.6627197,0.6627197,0.6677246,0.6687012,0.678710938,0.673706055,0.6791992,0.669189453,0.674194336,0.674194336,0.674194336,99.5556641,10.7212448,20.945816,33.85614,10.0284615,45.6386,18.0150757,55,1110,7000.978,0,0,0,0,0.05078125,0.25,0,0,0,0,0,0,0,0,0,62.5625,6141,5921,220,3.58247828,590.006,1.901568E+08,4505600,0.000637912,16213.5352,15786.7109,426.824219,0.128991142,0,0,0,0,0,0,0,0,0,0,0,0,90.7417145,0,0.00829473,0.0146891791,0,3891.343,85.62389,0,0.158825561,0.1476424,0,12644.5449,0,0,0,0,0,0,0,0,0,0,0.006023625,0.123058408,0,0,0,90005,79522,11.6471329,79523,100.001259,16.887,0,0
03/13/2025 10:21:33,0,0,1.1084199,0,15.74409,0,49.85656,0,0,0,4.58706,0,2.94609666,2.578783,1.06863976,0,0,1.02863908,5.327606,1.15879178,4.014283,49.85656,57,53.5,54,54,57,54,56,50,52,52,52,52,54,54,54,54,57,46,46,43,46,44,50,48,48,48,48,46,46,46,46,4181.33,2687.998,1095.11023,4479.99658,4380.441,4380.441,3484.442,3484.442,3484.442,3484.442,2887.109,995.5548,1791.99866,1791.99866,12.6393938,7.09225273,0,0.207598582,0.7779541,0.7779541,0.7779541,0.7729492,0.762939453,0.7779541,0.774536133,0.7595215,0.7595215,0.7595215,0.7595215,0.7545166,0.7595215,0.7595215,0.739624,99.55548,10.72113,20.94593,33.85578,10.0299644,45.6370964,18.0177765,55,1125,7000.978,0,0,0,0,0.0546875,0.25,0,0,0,0,0,0,0,0,0,62.625,6141,5921,220,3.58247828,590.006,1.645568E+08,6860800,0.00117293734,16213.5352,15786.7109,426.824219,0.118126355,0,0,0,0,0,0,0,0,0,0,0,0,90.7417145,0,0.0607876852,0.222021714,0,132060.984,85.62389,0,0.386097878,0.424209028,0,54900.3359,0,0,0,0,0,0,0,0,0,0,0.006023625,0.123058408,0,0,0,90005,79522,11.6471329,79523,100.001259,16.887,0,0
03/13/2025 10:21:34,1.38831735,0,0.7527709,0,21.29631,0,47.454113,0,0,0,3.04459929,0,0,0,0,0,0,0.7858336,0,0.90996027,3.04127932,47.454113,57,54.1428566,54,56,57,54,55,54,52,52,54,54,54,54,54,54,57,46,44,43,46,45,46,48,48,46,46,46,46,46,46,3583.99927,1592.88867,796.444336,696.8888,2687.99951,4380.444,1095.111,3484.44385,3484.44385,3484.44385,3484.44385,1692.44409,696.8888,696.8888,12.4425955,6.90603256,0,0.20581454,0.6489258,0.6566162,0.6566162,0.657226563,0.657226563,0.662231445,0.662231445,0.662231445,0.662231445,0.6644287,0.6694336,0.6644287,0.6694336,0.6694336,0.6694336,99.55554,10.7212067,20.9458542,33.8560181,10.0290222,45.63804,18.0160828,55,1110,7000.978,0,0,0,0,0.08984375,0.25,0,0,0,0,0,0,0,0,0,62.59375,6141,5921,220,3.58247828,590.006,1.573888E+08,6553600,0.000668928551,16213.5352,15786.7109,426.824219,0.0870202258,0,0,0,0,0,0,0,0,0,0,0,0,90.7417145,0,0.0187411327,0,0,25501.1465,85.62389,0,0.169975385,0.161257431,0,7141.12842,0,0,0,0,0,0,0,0,0,0,0.006023625,0.123058408,0,0,0,90005,79522,11.6471329,79523,100.001259,16.886,0,0
